18.35735179000954
18.35735179000954
18.35735179000954
18.366036027563847
18.366036027563847
18.370378146340997
18.370378146340997
18.370378146340997
18.374720265118146
18.38340450267245
18.38340450267245
18.38340450267245
18.392088740226754
18.396430859003907
18.396430859003907
18.400772977781056
18.400772977781056
18.405115096558205
18.409457215335358
18.509325947209835
18.60485256030716
18.726431886067395
18.531036541095588
18.52669442231844
18.52235230354129
19.642618948046298
22.37815377765155
30.710679711004683
41.94374098749482
55.26970351457183
59.889717893460706
42.91203347479954
36.86780413700508
36.01674885668344
36.463987090730015
36.59425065404455
36.56819794138165
36.40753954662705
35.92990648114042
35.17871993269326
35.00069306283007
34.939903399949955
34.887797974624135
34.97464035016716
35.04845636937873
34.983324587721455
34.840034668075475
34.80963983663542
34.62292872921791
34.71845534231523
34.579507541446404
34.466612453240465
34.41016490913751
33.854373705662155
34.37542795892029
34.58384966022356
34.479638809571924
34.431875503023264
34.392796434028895
34.245164395605755
34.31029617726302
34.353717365034534
34.457928215686174
34.62727084799506
34.77924500519536
34.85740314318408
34.653323560657974
34.440559740577555
34.245164395605755
34.07147964451971
34.12358506984552
34.16700625761704
34.2060853266114
34.11924295106838
33.91516336854227
33.91082124976512
33.74147861745622
33.52437267859866
34.58384966022356
35.222141120464784
38.38320359023084
40.51518390981208
44.89638175595763
43.50690374726925
43.31150840229744
42.68624329838768
42.252031420672566
41.926372512386216
42.08268878836367
40.11136686353702
42.35190015254704
42.590716685290346
40.31544644606313
41.049264519401675
43.233350264308726
42.51255854730163
39.030179288026375
38.70452037974004
36.68109302958757
37.15872609507421
37.29767389594304
36.79833023657066
36.28596022086682
36.26424962698106
36.073196400786415
36.932935918662345
37.970702306401485
39.59899684783318
40.81913222421265
40.185182882748585
42.13479421368947
43.15519212632001
46.24243857687451
45.00493472538641
46.25980705198311
42.269399895781156
37.02846253175967
36.298986577198264
32.373711202653595
