20.62393779168247
20.632622029236764
20.628279910459618
20.628279910459618
20.632622029236764
20.632622029236764
20.62393779168247
20.628279910459618
20.619595672905316
20.615253554128167
20.610911435351017
20.606569316573864
20.610911435351017
20.606569316573864
20.606569316573864
20.606569316573864
20.59354296024241
20.59354296024241
20.589200841465257
20.589200841465257
20.589200841465257
20.589200841465257
20.59354296024241
20.584858722688107
20.988675768963166
22.19144267023405
27.614749022895882
33.333319452404
39.1257059011237
45.278488208346936
51.409559921684426
58.131159788714484
54.4447009469131
44.0540107131903
38.58728317275694
36.663724554478975
36.112275469780776
35.947274956249025
36.22951267676386
36.39017107151845
36.23819691431816
36.29464445842112
36.16872301388374
36.53780310994159
37.019778294205366
36.64201396059322
36.36411835885554
36.207802082878096
36.09056487589501
35.82569563048879
35.62161604796268
35.699774185951405
35.42622070299088
35.82569563048879
36.02109097546059
36.26859174575821
36.50306615972438
36.18174937021519
36.22951267676386
35.80398503660304
35.39148375277367
35.31332561478495
35.58253697896833
35.74753749250007
35.58687909774548
35.6737214732885
35.99938038157484
36.055827925677804
36.22951267676386
36.22517055798671
36.3858289527413
36.33372352741548
36.381486833964146
36.39885530907275
36.650698198147516
36.65504031692467
36.74622481124484
38.46570384699672
41.20123867660196
40.41965729671475
40.11136686353702
40.45439424693197
40.95808002508151
41.348870715025114
41.13176477616755
40.28070949584591
40.397946702829
40.350183396280336
40.16781440763999
39.94636635000528
39.82478702424505
39.959392706336736
40.028866606771146
40.089656269651265
40.41965729671475
40.78005315521831
40.2633410207373
40.033208725548306
40.25465678318301
40.002813894108236
39.833471261799346
40.037550844325445
40.31544644606313
40.56294721636074
41.17518596393906
41.361897071356566
42.794796267816466
43.50690374726925
43.64585154813809
43.24203450186303
42.48216371586156
42.88163864335948
43.802167824115536
44.4013802153624
44.53598589745408
44.271116652047866
44.79217090530601
44.88769751840333
44.03230011930456
43.16821848265146
42.13479421368947
42.160846926352384
42.282426252112614
42.7730856739307
43.03795491933692
41.83084589928888
41.24900198315063
41.5008448722254
41.52689758488831
41.6701875045343
41.90031979972331
41.02321180673877
42.195583876569586
42.83821745558796
43.01624432545117
43.268087214525934
43.36361382762327
43.23769238308588
43.58071976648082
44.14953732628763
44.37966962147665
45.061382269489386
45.152566763809546
44.809539380414606
44.17559003895053
42.87295440580517
41.91768827483192
41.67452962331144
41.94808310627198
42.3909792215414
42.36492650887849
42.60808516039896
42.44308464686721
41.89597768094615
42.36926862765564
42.55163761629599
42.72098024860489
43.04229703811407
42.2042681141239
43.04663915689123
42.48650583463872
42.15650480757523
42.18689963901529
41.6875559796429
42.312821083552684
42.81216474292505
42.61676939795325
42.66019058572477
42.27374201455831
42.42137405298147
42.7730856739307
43.12479729487994
42.933744068685286
43.18124483898291
43.72400968612681
43.72835180490397
43.971510456424426
44.0540107131903
43.96282621887013
44.41006445291671
41.579003010214116
33.74582073623337
31.80923576162394
31.227391845485684
31.11449675727975
30.202651814078003
29.95080892500322
29.82488748046584
29.755413580031426
29.70330815470561
