1.423
2.423
4.423
6.423
8.424
10.424
12.424
14.424
16.424
18.424
20.424
22.424
24.424
26.424
28.424
30.424
32.424
34.424
36.424
38.424
40.424
42.424
44.424
46.424
48.424
50.424
52.424
54.424
56.424
58.424
60.424
62.424
64.424
66.424
68.424
70.424
72.424
74.424
76.424
78.424
80.424
82.424
84.424
86.424
88.424
90.424
92.424
94.424
96.424
98.424
100.424
102.424
104.424
106.424
108.424
110.424
112.424
114.424
116.424
118.424
120.424
122.424
124.424
126.424
128.424
130.424
132.424
134.424
136.424
138.424
140.424
142.424
144.424
146.424
148.424
150.424
152.424
154.424
156.424
158.424
160.424
162.424
164.424
166.424
168.424
170.424
172.424
174.424
176.424
178.424
180.424
182.424
184.424
186.424
188.424
190.424
192.424
194.424
196.424
198.424
200.424
202.424
204.424
206.424
208.424
210.424
212.424
214.424
216.424
218.424
220.424
222.424
224.424
226.424
228.424
230.424
232.424
234.424
236.424
238.424
240.424
242.424
244.424
246.424
248.424
250.424
252.424
254.424
256.424
258.424
260.424
262.424
264.424
266.424
268.424
270.424
272.424
274.424
276.424
278.424
280.424
282.424
284.424
286.424
288.424
290.424
292.424
294.424
296.424
298.424
300.424
302.424
304.424
306.424
308.424
310.424
312.424
314.424
316.424
318.424
320.424
322.424
324.424
326.424
328.424
330.424
332.424
334.424
336.424
338.424
340.424
342.424
344.424
346.424
348.424
350.424
352.424
354.424
356.424
358.424
360.424
362.424
364.424
366.424
368.424
370.424
372.424
374.424
376.424
378.424
