1.396
2.396
4.396
6.396
8.396
10.396
12.396
14.396
16.396
18.396
20.396
22.396
24.396
26.396
28.396
30.396
32.396
34.396
36.396
38.396
40.396
42.396
44.396
46.396
48.396
50.396
52.396
54.396
56.396
58.396
60.396
62.396
64.396
66.396
68.396
70.396
72.396
74.396
76.396
78.396
80.396
82.396
84.396
86.396
88.396
90.396
92.396
94.396
96.396
98.396
100.396
102.396
104.396
106.396
108.396
110.396
112.396
114.396
116.396
118.396
120.396
122.396
124.396
126.396
128.396
130.396
132.396
134.396
136.396
138.396
140.396
142.396
144.396
146.396
148.396
150.396
152.396
154.396
156.396
158.396
160.396
162.396
164.396
166.396
168.396
170.396
172.396
174.396
176.396
178.396
180.396
