19.972619975109787
19.972619975109787
19.972619975109787
19.95959361877834
19.955251500001186
19.950909381224033
19.942225143669734
19.937883024892578
19.93354090611543
19.92919878733828
19.920514549783974
19.920514549783974
19.911830312229675
19.90748819345252
19.90314607467537
19.894461837121067
19.88577759956676
19.88577759956676
19.87709336201246
19.87275124323531
19.86840912445816
19.864067005681008
19.864067005681008
19.85972488690386
19.894461837121067
21.058149669397586
24.744608511198944
32.34331637121353
38.14872917626468
43.737036042458264
49.2602111269946
47.73612743621451
45.04835591315793
44.98756625027781
41.59637148532273
39.156100732563765
38.38320359023084
37.540832547463516
35.87780105581461
36.85477778067363
36.36411835885554
34.04108481307965
32.421474509202255
31.553050753772023
32.16963162012748
33.01634478167196
33.32463521484971
33.32463521484971
32.98160783145475
33.320293096072554
33.89345277465652
33.2898982646325
33.73713649867907
33.046739613112024
32.742791298711445
32.17831585768179
33.268187670746734
33.89345277465652
34.197401089057095
34.22779592049716
34.50569152223483
34.245164395605755
32.855686386917384
33.12489775110075
36.416223784181355
37.42359534048043
38.27030850202491
36.5725400601588
36.585566416490245
37.28030542083444
36.88951473089084
36.84175142434217
36.04280156934635
36.42490802173566
36.98938346276531
37.27596330205729
37.3454372024917
37.41925322170328
37.54517466624067
37.92293899985281
37.75793848632107
37.98807078151008
38.11399222604748
38.66544131074568
38.43096689677951
38.504782915991086
38.37451935267654
37.31070025227449
28.331198621125832
26.763693742574254
26.277376439533317
