17.918797793517275
17.90577143718582
17.90142931840867
17.90142931840867
17.90577143718582
17.91011355596297
17.90577143718582
17.91011355596297
17.91011355596297
17.90577143718582
17.90577143718582
17.90142931840867
17.90142931840867
17.897087199631518
17.897087199631518
17.892745080854368
17.897087199631518
17.897087199631518
17.897087199631518
17.892745080854368
17.892745080854368
17.892745080854368
17.90142931840867
17.892745080854368
17.897087199631518
18.196693395254947
19.347354871200018
23.207498464087426
30.280809952066715
38.5655725788712
47.649285060671495
55.75167869883561
48.4308664405587
38.40925630289375
34.86174526196123
34.197401089057095
33.97595303142238
34.25384863316006
34.457928215686174
34.35805948381169
34.27121710826867
34.31029617726302
33.936873962428024
33.6720047170218
33.320293096072554
33.246477076860984
32.87305486202598
32.35634272754499
32.256473995670504
32.08278924458447
32.03936805681295
31.544366516217714
31.448839903120387
31.01028590662812
31.023312262959575
31.930815087384172
32.9338445249061
33.520030559821514
33.23345072052953
33.16831893887227
32.9164760497975
32.39542179653935
32.26950035200196
32.026341700481495
31.969894156378533
32.2043685703447
31.5009453284462
31.322918458583004
31.540024397440565
31.987262631487138
32.026341700481495
32.02199958170435
31.80923576162394
31.17962853893702
31.07107556950824
31.31857633980585
31.166602182605565
30.87568022453643
30.567389791358696
30.51094224725573
30.146204269975026
30.97120683763376
31.09278616339399
31.652919485646493
30.98857531274236
30.7541008987762
30.849627511873525
30.376336565164046
30.09409884464922
30.202651814078003
30.150546388752183
30.406731396604105
30.44581046559846
30.133177913643575
30.424099871712706
30.523968603587182
30.736732423667593
30.89304869964504
31.02765438173672
31.17094430138271
31.105812519725447
31.87436754328121
32.26515823322482
32.49963264719098
32.08278924458447
31.275155152034348
29.21699085166468
30.376336565164046
32.495290528413825
32.59081714151115
32.126210432355975
32.10449983847022
32.10884195724737
32.02199958170435
31.509629566000505
32.45621145941947
32.616869854174055
32.7731861301515
32.473579934528075
33.07279232577494
33.07713444455208
33.89779489343366
33.89779489343366
34.17134837639419
34.431875503023264
34.02805845674819
33.84568946810785
33.73279437990192
33.64595200435889
33.88476853710221
34.006347862862434
33.459240896941395
32.855686386917384
33.10318715721499
33.91082124976512
34.52740211612059
34.961613993835705
34.90516644973275
34.99200882527576
35.10056179470454
34.67069203576657
34.701086867206634
34.961613993835705
35.33069408989355
36.107933351003624
35.899511649700365
35.36108892133361
33.207398007866615
32.495290528413825
32.256473995670504
31.69199855464085
31.913446612275564
32.187000095236094
32.90779181224319
32.49963264719098
33.25950343319244
31.974236275155683
31.69199855464085
31.90476237472127
30.363310208832587
31.952525681269922
32.5604223100711
32.4171323904251
33.137924107432205
32.98160783145475
33.29858250218679
34.42319126546896
34.29726982093157
34.13226930739983
34.24950651438291
33.94121608120518
33.997663625308135
34.40582279036035
34.840034668075475
34.813981955412565
34.900824330955594
34.89648221217844
34.158322020062734
33.81529463666779
33.446214540609944
33.22910860175238
33.00331842534051
22.026442156702306
20.10288353842433
19.586171403943332
19.056432913130884
