1.405
2.405
4.405
6.405
8.406
10.406
12.406
14.406
16.406
18.406
20.406
22.406
24.406
26.406
28.406
30.406
32.406
34.406
36.406
38.406
40.406
42.406
44.406
46.406
48.406
50.406
52.406
54.406
56.406
58.406
60.406
62.406
64.406
66.406
68.406
70.406
72.406
74.406
76.406
78.406
80.406
82.406
84.406
86.406
88.406
90.406
92.406
94.406
96.406
98.406
100.406
102.406
104.406
106.406
108.406
110.406
112.406
114.406
116.406
118.406
120.406
122.406
124.406
126.406
128.406
130.406
132.406
134.406
136.406
138.406
140.406
142.406
144.406
146.406
148.406
150.406
152.406
154.406
156.406
158.406
160.406
162.406
164.406
166.406
168.406
170.406
172.406
174.406
176.406
178.406
180.406
182.406
184.406
186.406
188.406
190.406
192.406
194.406
196.406
198.406
200.406
202.406
204.406
206.406
208.406
210.406
212.406
214.406
216.406
218.406
220.406
222.406
224.406
226.406
228.406
230.406
232.406
234.406
236.406
238.406
240.406
242.406
244.406
246.406
248.406
250.406
252.406
254.406
256.406
258.406
260.406
262.406
264.406
266.406
268.406
270.406
272.406
274.406
276.406
278.406
280.406
282.406
284.406
286.406
288.406
290.406
292.406
294.406
296.406
298.406
300.406
302.406
304.406
306.406
308.406
310.406
312.406
314.406
316.406
318.406
320.406
322.406
324.406
326.406
328.406
330.406
332.406
334.406
336.406
338.406
340.406
342.406
344.406
346.406
348.406
350.406
352.406
354.406
356.406
358.406
360.406
362.406
364.406
366.406
368.406
370.406
