1.433
2.433
4.433
6.433
8.433
10.433
12.433
14.433
16.433
18.433
20.433
22.433
24.433
26.433
28.433
30.433
32.433
34.433
36.433
38.433
40.433
42.433
44.433
46.433
48.433
50.433
52.433
54.433
56.433
58.433
60.433
62.433
64.433
66.433
68.433
70.433
72.433
74.433
76.433
78.433
80.433
82.433
84.433
86.433
88.433
90.433
92.433
94.433
96.433
98.433
100.433
102.433
104.433
106.433
108.433
110.433
112.433
114.433
116.433
118.433
120.433
122.433
124.433
126.433
128.433
130.433
132.433
134.433
136.433
138.433
140.433
142.433
144.433
146.433
148.433
150.433
152.433
154.433
156.433
158.433
160.433
162.433
164.433
166.433
168.433
170.433
172.433
174.433
