18.817616380387573
18.81327426161042
18.821958499164722
18.817616380387573
18.82630061794188
18.821958499164722
18.82630061794188
18.82630061794188
18.83064273671902
18.834984855496174
18.83064273671902
18.834984855496174
18.834984855496174
18.834984855496174
18.834984855496174
18.843669093050476
18.839326974273327
18.843669093050476
18.84801121182763
18.84801121182763
18.852353330604778
18.84801121182763
18.84801121182763
18.85669544938193
19.816303699132344
20.99301788774031
24.397239009026848
31.652919485646493
38.77833639895161
46.980598768990205
54.640096291884916
50.40218836538534
44.21032698916775
47.21073106417922
45.56941016641607
42.82084898047936
41.14913325127616
39.78570795525068
40.34584127750318
40.298077970954516
39.616365322941775
39.4904438784044
39.74228676747917
39.02149505047207
39.43399633430143
39.559917778838816
40.48044695959487
40.34584127750318
41.24900198315063
40.42834153426906
38.82609970550027
38.66109919196852
37.83175450553264
36.78096176146205
37.597280091566475
38.02714985050445
37.770964842652525
37.89688628718991
35.912538006031824
38.08793951338457
37.44530593436619
36.759251167576295
36.120959707335075
33.91516336854227
32.14357890746459
32.68634375460848
32.434500865533714
33.03371325678057
34.0193742191939
33.16831893887227
33.29424038340965
33.40279335283842
32.78621248648295
32.93818664368325
32.60818561661976
32.71239646727138
32.82963367425447
33.58082022270162
34.20174320783425
34.605560254109314
34.73582381742384
34.366743721365985
35.85609046192886
36.029775213014894
32.53871171618534
32.18265797645894
27.093694769637743
20.306963120950428
