1.391
2.391
4.391
6.391
8.391
10.391
12.392
14.392
16.392
18.392
20.392
22.392
24.392
26.392
28.392
30.392
32.392
34.392
36.392
38.392
40.392
42.392
44.392
46.392
48.392
50.392
52.392
54.392
56.392
58.392
60.392
62.392
64.392
66.392
68.392
70.392
72.392
74.392
76.392
78.392
80.392
82.392
84.392
86.392
88.392
90.392
92.392
94.392
96.392
98.392
100.392
102.392
104.392
106.392
108.392
110.392
112.392
114.392
116.392
118.392
120.392
122.392
124.392
126.392
128.392
130.392
132.392
134.392
136.392
138.392
140.392
142.392
144.392
146.392
148.392
150.392
152.392
154.392
156.392
158.392
160.392
162.392
164.392
166.392
168.392
170.392
172.392
174.392
176.392
178.392
180.392
182.392
184.392
186.392
188.392
190.392
192.392
194.392
196.392
198.392
200.392
202.392
204.392
206.392
208.392
210.392
212.392
214.392
216.392
218.392
220.392
222.392
224.392
226.392
228.392
230.392
232.392
234.392
236.392
238.392
240.392
242.392
244.392
246.392
248.392
250.392
252.392
254.392
256.392
258.392
260.392
262.392
264.392
266.392
268.392
270.392
272.392
274.392
276.392
278.392
280.392
282.392
284.392
286.392
288.392
290.392
292.392
294.392
296.392
298.392
300.392
302.392
304.392
306.392
308.392
310.392
312.392
314.392
316.392
318.392
320.392
322.392
324.392
326.392
328.392
330.392
332.392
334.392
336.392
338.392
340.392
342.392
344.392
346.392
348.392
350.392
352.392
354.392
356.392
358.392
360.392
362.392
364.392
366.392
