21.79196774273614
21.787625623958984
21.783283505181835
21.774599267627533
21.757230792518932
21.75288867374178
21.739862317410324
21.72249384230172
21.713809604747418
21.709467485970265
21.696441129638814
21.687756892084504
21.68341477330736
21.666046298198754
21.6530199418673
21.644335704312994
21.635651466758695
21.62696722920439
21.61828299165009
21.609598754095792
21.596572397764334
21.587888160210035
21.58354604143288
21.574861803878576
21.561835447547125
21.81367833662189
22.96433981256696
29.633834254271196
35.73885325494577
40.5846578102465
44.92243446862054
51.37482297146721
57.731684861216564
57.87497478086255
49.52942249117796
42.21729447045535
38.12267646360178
36.34674988374693
36.35977624007839
35.73885325494577
35.087535438373095
34.11490083229122
33.47660937205
33.00766054411767
32.816607317923015
32.36936908387644
32.12186831357882
31.765814573852424
32.126210432355975
32.36068484632214
32.48660629085952
32.51265900352243
32.30857942099633
31.340286933691605
31.609498297874982
33.87174218077075
35.113588151036
35.97766978768909
35.05279848815588
34.553454828783494
34.653323560657974
33.52871479737581
32.70371222971708
33.038055375557725
32.70371222971708
32.842660030585925
32.06976288825301
30.92778564986225
30.615153097907353
30.71936394855899
29.755413580031426
29.88133502456881
29.768439936362878
29.421070434190778
29.985545875220435
30.102783082203523
30.26344147695812
30.202651814078003
29.807519005357236
30.254757239403812
29.93778256867178
29.81620324291154
30.198309695300846
30.536994959918637
30.79752208654771
29.503570690956657
29.52962340361956
29.282122633321947
29.607781541608286
29.408044077859326
29.21264873288753
30.111467319757818
29.911729856008872
29.438438909299393
29.27343839576765
28.687252360852227
28.708962954737988
28.596067866532056
28.81751592416676
28.939095249926996
29.177911782670318
29.15620118878456
29.05199033813293
29.481860097070893
29.516597047288105
28.934753131149854
28.3963304027831
29.81620324291154
31.066733450731085
31.90910449349841
31.340286933691605
31.149233707496958
30.63686369179312
30.52831072236434
30.667258523233176
30.280809952066715
30.41541563415841
30.784495730216253
30.72370606733614
30.306862664729625
30.26344147695812
30.315546902283927
30.680284879564628
31.431471428011786
31.340286933691605
30.992917431519512
31.188312776491316
30.82791691798777
30.52831072236434
31.049364975622478
31.136207351165503
30.55436343502724
30.567389791358696
29.707650273482766
30.68462699834178
30.5500213162501
29.989887993997588
30.055019775654856
29.451465265630844
29.11278000101305
29.42975467174509
28.86093711193828
29.03027974424718
28.726331429846592
27.8535655556392
27.896986743410718
27.675538685776004
27.397643084038325
27.701591398438914
27.91001309974217
28.439751590554614
28.665541766966474
28.504883372211875
28.548304559983396
28.38330404645165
28.708962954737988
29.12146423856735
28.25304048313711
28.42238311544601
26.91132578099739
27.788433773981936
28.09238208838252
27.67119656699885
27.55830147879292
27.918697337296475
27.731986229878967
27.86224979319351
28.105408444713973
28.3789619276745
28.36159345256589
28.604752104086362
28.509225490989028
28.865279230715426
28.609094222863515
28.218303532919904
27.90132886218786
28.266066839468568
28.40935675911455
28.69593659840653
28.9738322001442
29.160543307561714
29.61646577916259
21.670388416975907
18.80893214283327
