26.47711390328227
26.47711390328227
26.481456022059426
26.481456022059426
26.481456022059426
26.47711390328227
26.481456022059426
26.481456022059426
26.47711390328227
26.47711390328227
26.47277178450513
26.468429665727975
26.468429665727975
26.468429665727975
26.47277178450513
26.47277178450513
26.468429665727975
26.464087546950825
26.464087546950825
26.464087546950825
26.464087546950825
26.468429665727975
26.47711390328227
26.47277178450513
26.468429665727975
27.445406390586992
30.259099358180965
35.76490596760867
43.54598281626362
49.3383692649833
46.12520136989142
42.63847999183901
40.185182882748585
39.19517980155811
38.97807386270056
38.71320461729434
38.756625805065845
38.695836142185726
38.07057103827596
37.93596535618427
37.697148823440955
37.25859482694868
37.46701652825194
37.3193844898288
37.150041857519916
36.71582997980479
36.637671841816065
36.563855822604495
36.47701344706147
36.5725400601588
36.403197427849896
36.25990750820391
36.35977624007839
35.93859071869472
37.07622583830834
38.64807283563706
38.26596638324776
37.40622686537182
37.74057001121247
38.12267646360178
37.488727122137696
37.1153049073027
37.145699738742756
37.27162118328013
38.183466126481896
38.12701858237893
38.84346818060887
38.118334344824625
38.06188680072166
37.940307474961415
36.92859379988519
37.09793643219409
37.223857876731465
37.3193844898288
37.16306821385135
36.68109302958757
36.98069922521101
36.79398811779351
36.79398811779351
36.05148580690066
37.488727122137696
37.81872814920119
41.53558182244261
40.02452448799399
43.97585257520158
43.57637764770367
44.0279580005274
45.93414814369677
43.671904260801
38.192150364036195
38.10096586971601
43.44177196561199
43.10308670099419
43.2897978084117
43.27677145208025
43.73269392368112
43.27677145208025
42.130452094912336
40.0505772006569
41.96979370015772
41.96110946260343
39.16044285134091
39.24728522688393
39.65110227315899
39.82478702424505
40.641105354349456
40.38492034649754
38.952021150037645
40.36755187138895
39.616365322941775
37.8882020496356
37.99241290028724
37.87517569330416
38.118334344824625
38.59596741031125
39.67281286704475
39.542549303730205
29.26041203943619
28.248698364359964
27.267379520723793
