1.392
2.392
4.392
6.392
8.392
10.392
12.392
14.392
16.392
18.392
20.392
22.392
24.392
26.392
28.392
30.392
32.392
34.392
36.392
38.392
40.392
42.392
44.392
46.392
48.392
50.392
52.392
54.392
56.392
58.392
60.392
62.392
64.392
66.392
68.392
70.392
72.392
74.392
76.392
78.392
80.392
82.392
84.392
86.392
88.392
90.392
92.392
94.392
96.392
98.392
100.392
102.392
104.392
106.392
108.392
110.392
112.392
114.392
116.392
118.392
120.392
122.392
124.392
126.392
128.392
130.392
132.392
134.392
136.392
138.392
140.392
142.392
144.392
146.392
148.392
150.392
152.392
154.392
156.392
158.392
160.392
162.392
164.392
166.392
168.392
170.392
172.392
174.392
176.392
178.392
180.392
182.392
184.392
186.392
188.392
190.392
192.392
194.392
196.392
198.392
200.392
202.392
204.392
206.392
208.392
210.392
212.392
214.392
216.392
218.392
220.392
222.392
224.392
226.392
228.392
230.392
232.392
234.392
236.392
238.392
