1.454
2.454
4.454
6.454
8.454
10.454
12.454
14.454
16.454
18.454
20.454
22.454
24.454
26.454
28.454
30.454
32.454
34.454
36.454
38.454
40.454
42.454
44.454
46.454
48.454
50.454
52.454
54.454
56.454
58.454
60.454
62.454
64.454
66.454
68.454
70.454
72.454
74.454
76.454
78.454
80.454
82.454
84.454
86.454
88.454
90.454
92.454
94.454
96.454
98.454
100.454
102.454
104.454
106.454
108.454
110.454
112.454
114.454
116.454
118.454
120.454
122.454
124.454
126.454
128.454
130.454
132.454
134.454
136.454
138.454
140.454
142.454
144.454
146.454
148.454
150.454
152.454
154.454
156.454
158.454
160.454
162.454
164.454
166.454
168.454
170.454
172.454
174.454
176.454
178.454
180.454
182.454
184.454
186.454
188.454
190.454
192.454
194.454
