27.79711801153624
27.79711801153624
27.792775892759085
27.801460130313394
27.79711801153624
27.792775892759085
27.784091655204783
27.779749536427634
27.779749536427634
27.779749536427634
27.784091655204783
27.784091655204783
27.779749536427634
27.784091655204783
27.77540741765048
27.77540741765048
27.77540741765048
27.779749536427634
27.77540741765048
27.77540741765048
27.771065298873328
27.766723180096182
27.766723180096182
27.766723180096182
27.762381061319033
28.865279230715426
30.055019775654856
35.196088407801874
39.85518185568509
44.69230217343153
50.50205709725982
55.96444251891602
66.70250225481092
96.49812130362241
62.45591009075705
49.98100284400169
48.75652534884504
46.93283546244154
45.96454297513683
45.57809440397037
45.71270008606206
45.96454297513683
45.98191145024543
44.405722334139554
44.0540107131903
42.851243811919424
43.21163967042297
43.52427222237785
43.40269289661762
43.15085000754285
42.10874150102657
43.17690272020576
41.804793186625986
39.616365322941775
39.21689039544387
38.29636121468782
37.30635813349735
36.32069717108403
35.04845636937873
35.54345790997397
36.23385479554101
37.01543617542822
37.95333383129287
37.80570179286974
37.06319948197688
35.699774185951405
36.00372250035199
36.49438192217008
35.88214317459177
36.07753851956356
35.52608943486536
35.55648426630542
35.57385274141402
35.40016799032798
35.74753749250007
35.608589691631224
35.69108994839711
36.055827925677804
35.73016901739146
35.93424859991757
37.90122840596706
37.4800428845834
35.070166963264484
31.153575826274107
29.599097304053988
29.94646680622608
29.911729856008872
30.29817842717533
30.493573772147123
30.7541008987762
30.72370606733614
30.90173293719934
31.201339132822774
31.24476032059428
31.058049213176783
29.577386710168224
21.418545527901134
18.86103756815908
