29.57304459139107
29.581728828945376
29.586070947722533
29.586070947722533
29.59041306649968
29.594755185276835
29.599097304053988
29.594755185276835
29.59041306649968
29.586070947722533
29.581728828945376
29.577386710168224
29.581728828945376
29.586070947722533
29.581728828945376
29.581728828945376
29.581728828945376
29.581728828945376
29.586070947722533
29.581728828945376
29.586070947722533
29.581728828945376
29.581728828945376
29.577386710168224
29.577386710168224
29.581728828945376
31.123180994834044
34.87042949951554
44.36664326514519
55.98615311280177
68.13974357004797
72.390677852879
56.9370771249979
47.835996168089
45.816910936713676
45.22638278302112
45.30019880223269
45.36967270266712
45.48690990965019
45.8690163620395
46.0470432319027
46.0123062816855
45.89506907470241
45.75177915505641
45.69533161095346
45.87335848081665
45.552041691307465
45.36098846511282
45.32190939611845
45.009276844163566
44.93980294372915
44.81822361796892
44.47953835335112
44.47953835335112
44.4013802153624
44.475196234573964
44.5794070852256
44.28848512715646
44.292827245933616
44.18861639528198
44.227695464276344
44.12782673240187
44.132168851179024
44.47953835335112
44.2233533454992
43.69795697346391
43.81085206166983
44.049668594413156
43.99322105031018
43.862957486995654
43.737036042458264
43.38532442150902
43.281113570857386
43.20295543286868
43.22466602675442
42.89900711846808
42.82519109925652
42.9684810189025
45.816910936713676
48.587182716536155
46.91546698733294
47.53204785368841
46.759150711355495
46.96323029388161
47.37573157771096
47.51902149735695
47.60586387289998
47.34533674627091
47.60152175412283
47.1238886886362
46.61151867293236
46.72007164236112
47.02836207553887
46.71572952358399
46.637571385595265
46.42914968429201
45.808226699159384
45.39572541533002
45.02230320049502
45.213356426689664
45.22204066424398
46.251122814428804
47.46257395325399
47.162967757630554
45.89072695592526
44.56203861011699
42.29545260844407
43.8412468931099
43.63716731058379
43.68493061713246
43.71098332979536
43.91940503109861
43.8412468931099
43.91940503109861
43.81085206166983
43.65019366691524
43.72835180490397
44.227695464276344
44.49690682845972
45.009276844163566
45.48690990965019
46.020990519239795
46.34664942752613
46.220727982988755
46.54204477249793
46.67230833581248
46.91980910611009
47.089151738418984
47.371389458933805
47.835996168089
47.97060185018068
47.97494396895783
47.80125921787178
47.262836489505034
48.93455221870825
49.299290195988945
49.750870548812664
49.928897418675874
50.34574082128238
51.0014007566322
51.140348557501056
51.887192987171055
53.63706685436298
55.58667818530387
57.29747298350144
57.054314331980976
56.15983786388783
56.87628746211777
57.98786986906848
58.08339648216582
59.19063677033936
60.797220717885295
62.09117211347636
63.79762479289677
65.49973535354005
66.65473894826225
68.90395647482657
71.69159672975765
74.14055172007092
72.78581066159975
79.915569693682
83.76268693023796
88.37835919034967
94.05350843208628
101.08339873229407
109.13802906390951
116.90607955623301
130.87901778110555
182.31141469646144
265.02009316363734
361.87539460677186
465.9776922889717
569.1941977406326
678.0858524340304
714.7724139821806
