1.399
2.399
4.399
6.4
8.4
10.4
12.4
14.4
16.4
18.4
20.4
22.4
24.4
26.4
28.4
30.4
32.4
34.4
36.4
38.4
40.4
42.4
44.4
46.4
48.4
50.4
52.4
54.4
56.4
58.4
60.4
62.4
64.4
66.4
68.4
70.4
72.4
74.4
76.4
78.4
80.4
82.4
84.4
86.4
88.4
90.4
92.4
94.4
96.4
98.4
100.4
102.4
104.4
106.4
108.4
110.4
112.4
114.4
116.4
118.4
120.4
122.4
124.4
126.4
128.4
130.4
132.4
134.4
136.4
138.4
140.4
142.4
144.4
146.4
148.4
150.4
152.4
154.4
156.4
158.4
160.4
162.4
164.4
166.4
168.4
170.4
172.4
174.4
176.4
178.4
180.4
182.4
184.4
186.4
188.4
190.4
192.4
194.4
196.4
198.4
200.4
202.4
204.4
206.4
208.4
210.4
212.4
214.4
216.4
218.4
220.4
222.4
224.4
226.4
228.4
230.4
232.4
234.4
236.4
238.4
240.4
242.4
244.4
246.4
248.4
250.4
252.4
254.4
256.4
258.4
260.4
262.4
264.4
266.4
268.4
270.4
272.4
274.4
276.4
278.4
280.4
282.4
284.4
286.4
288.4
290.4
292.4
294.4
296.4
298.4
300.4
302.4
304.4
306.4
308.4
310.4
312.4
314.4
316.4
318.4
320.4
322.4
324.4
326.4
328.4
330.4
332.4
334.4
336.4
338.4
340.4
342.4
344.4
346.4
348.4
