1.401
2.401
4.401
6.401
8.401
10.401
12.401
14.401
16.401
18.401
20.401
22.401
24.401
26.401
28.401
30.401
32.401
34.401
36.401
38.401
40.401
42.401
44.401
46.401
48.401
50.401
52.401
54.401
56.401
58.401
60.401
62.401
64.401
66.401
68.401
70.401
72.401
74.401
76.401
78.401
80.401
82.401
84.401
86.401
88.401
90.401
92.401
94.401
96.401
98.401
100.401
102.401
104.401
106.401
108.401
110.401
112.401
114.401
116.401
118.401
120.401
122.401
124.401
126.401
128.401
130.401
132.401
134.401
136.401
138.401
140.401
142.401
144.401
146.401
148.401
150.401
152.401
154.401
156.401
158.401
160.401
162.401
164.401
166.401
168.401
170.401
172.401
174.401
176.401
178.401
180.401
182.401
184.401
186.401
188.401
190.401
192.401
194.401
196.401
198.401
200.401
202.401
204.401
206.401
208.401
210.401
212.401
214.401
216.401
218.401
220.401
222.401
224.401
226.401
228.401
230.401
232.401
234.401
236.401
238.401
240.401
242.401
244.401
246.401
248.401
250.401
252.401
254.401
256.401
258.401
260.401
262.401
264.401
266.401
268.401
270.401
272.401
274.401
276.401
278.401
280.401
282.401
284.401
286.401
288.401
290.401
292.401
294.401
296.401
298.401
300.401
302.401
304.401
306.401
308.401
310.401
312.401
314.401
316.401
318.401
320.401
322.401
324.401
326.401
328.401
330.401
332.401
334.401
336.401
338.401
340.401
342.401
344.401
346.401
348.401
350.401
352.401
354.401
356.401
358.401
360.401
362.401
364.401
366.401
368.401
