32.66897527949987
32.66463316072272
32.65160680439127
32.64292256683696
32.629896210505514
32.616869854174055
32.603843497842604
32.59081714151115
32.5777907851797
32.569106547625395
32.55608019129394
32.54739595373964
32.53871171618534
32.53002747863104
32.521343241076735
32.50831688474527
32.495290528413825
32.48660629085952
32.47792205330522
32.473579934528075
32.46489569697377
32.45186934064231
32.44318510308802
32.44318510308802
33.92818972487373
35.899511649700365
40.90597459975569
45.31322515856415
48.60455119164476
53.04653870067043
57.16286730140975
61.92182948116746
66.96737150021715
73.33725974629795
78.56517075398797
67.66645262333849
51.0014007566322
45.265461852015484
43.91072079354431
44.17559003895053
44.91375023106624
44.73138124242589
44.60980191666565
44.99190836905496
45.20901430791252
45.02230320049502
44.909408112289086
44.33624843370513
44.04098435685885
44.05835283196746
43.96282621887013
43.65887790446954
42.81216474292505
42.97282313767966
42.64282211061617
43.07703398833129
42.946770425016744
42.282426252112614
41.01886968796161
40.83215858054411
41.83084589928888
42.69926965471913
41.457423684453886
41.07965935084173
41.60505572287702
41.60505572287702
41.031896044293084
41.3228180023622
41.56163453510552
41.67452962331144
42.325847439884136
41.978477937712036
41.17952808271621
41.14479113249901
41.56163453510552
42.039267600592154
42.56900609140459
42.321505321106976
41.14913325127616
41.257686220704926
41.45308156567674
41.58768724776843
40.84952705565272
40.32413068361742
40.04623508187976
39.425312096747135
39.416627859192836
39.71623405481626
40.12005110109132
39.94636635000528
39.93333999367381
39.60768108538748
39.542549303730205
39.87689244957085
40.558605097583595
40.7540004425554
40.45439424693197
40.77571103644116
40.27636737706875
39.53386506617591
39.81610278669074
39.72926041114772
39.99847177533109
40.08097203209697
39.48610175962725
38.991100219032006
39.24294310810678
39.36886455264417
39.351496077535565
39.199521920335265
39.290706414655446
39.65110227315899
39.768339480142075
40.14610381375423
41.040580281847376
41.36623919013371
41.049264519401675
41.3315022399165
40.48478907837203
40.2633410207373
40.002813894108236
40.61071052290941
40.82781646176697
41.040580281847376
40.93636943119575
40.69321077967528
39.86820821201654
39.96807694389103
40.68018442334383
41.28808105214498
41.37926554646517
40.48044695959487
40.54557874125214
40.40228882160615
40.628078998018005
40.706237136006735
40.31110432728597
40.450052128154816
40.3892624652747
40.66281594823522
40.95808002508151
41.41834461545953
41.72229292986011
41.570318772659824
28.070671494496757
31.63555101053789
39.394917265307065
41.39663402157377
41.76137199885447
41.518213347334
41.66584538575714
41.6788717420886
41.5008448722254
41.29242317092214
40.93636943119575
40.89294824342423
39.85518185568509
39.8638660932394
39.50781235351301
39.694523460930505
39.20386403911241
38.118334344824625
38.17478188892759
38.79136275528305
38.71320461729434
38.878205130826075
38.213860957921945
38.287676977133515
38.51346715354538
38.61333588541985
38.89991572471183
38.869520893271776
37.97504442517863
37.92293899985281
38.00978137539584
37.96636018762433
37.39754262781752
37.39754262781752
37.354121440046015
37.41056898414897
34.961613993835705
33.05542385066632
31.995946869041443
31.58778770398923
31.08410192583969
