1.459
2.459
4.459
6.459
8.459
10.459
12.459
14.459
16.459
18.459
20.459
22.459
24.459
26.459
28.459
30.459
32.459
34.459
36.459
38.459
40.459
42.459
44.459
46.459
48.459
50.459
52.459
54.459
56.459
58.459
60.459
62.459
64.459
66.459
68.459
70.459
72.459
74.459
76.459
78.459
80.459
82.459
84.459
86.459
88.459
90.459
92.459
94.459
96.459
98.459
100.459
102.459
104.459
106.459
108.459
110.459
112.459
114.459
116.459
118.459
120.459
122.459
124.459
126.459
128.459
130.459
132.459
134.459
136.459
138.459
140.459
142.459
144.459
146.459
148.459
150.459
152.459
154.459
156.459
158.459
160.459
162.459
164.459
166.459
168.459
170.459
172.459
174.459
176.459
178.459
180.459
182.459
184.459
186.459
188.459
190.459
192.459
194.459
196.459
198.459
200.459
202.459
204.459
206.459
208.459
210.459
212.459
214.459
216.459
218.459
220.459
222.459
224.459
226.459
228.459
230.459
232.459
234.459
236.459
238.459
240.459
242.459
244.459
246.459
248.459
250.459
252.459
254.459
256.459
258.459
260.459
262.459
264.459
266.459
268.459
270.459
272.459
274.459
276.459
278.459
280.459
282.459
284.459
286.459
288.459
290.459
292.459
294.459
296.459
298.459
300.459
302.459
304.459
306.459
308.459
310.459
312.459
314.459
316.459
318.459
320.459
322.459
324.459
326.459
328.459
330.459
332.459
334.459
336.459
338.459
340.459
342.459
344.459
346.459
348.459
350.459
352.459
354.459
356.459
358.459
360.459
362.459
364.459
366.459
368.459
370.459
372.459
374.459
376.459
378.459
380.459
382.459
384.459
386.459
388.459
390.459
392.459
394.459
396.459
398.459
400.459
402.459
404.459
406.459
408.459
410.459
412.459
414.459
416.459
418.459
420.459
422.459
424.459
426.459
428.459
430.459
432.459
434.459
436.459
438.459
440.459
442.459
444.459
446.459
448.459
450.459
452.459
454.459
456.459
