34.497007284680535
34.497007284680535
34.501349403457674
34.497007284680535
34.49266516590338
34.48398092834908
34.47529669079477
34.47529669079477
34.470954572017625
34.46227033446332
34.46227033446332
34.46227033446332
34.457928215686174
34.44924397813186
34.470954572017625
34.43621762180041
34.427533384246104
34.42319126546896
34.41450702791465
34.41016490913751
34.40582279036035
34.4014806715832
34.397138552806055
34.41016490913751
35.87780105581461
39.25596946443823
41.257686220704926
45.95151661880538
51.42692839679302
58.2440548769204
64.92657567495607
71.24435849571107
65.39552450288842
53.19851285787072
48.187707789038235
46.66362409825817
45.82559517426799
45.59112076030182
45.239409139352574
45.265461852015484
45.10480345726089
44.82256573674606
44.71401276731728
44.89203963718049
44.98756625027781
44.70967064854014
44.78782878652885
44.201642751613434
43.59374612281227
43.62414095425234
43.83690477433274
43.55032493504076
42.82084898047936
42.655848466947624
42.325847439884136
42.651506348170464
42.859928049473716
42.57334821018175
42.160846926352384
41.696240217197214
41.55295029755121
41.32716012113936
41.54860817877406
42.01755700670639
41.95242522504912
41.66584538575714
41.565976653882664
41.40531825912808
41.639792673094234
41.835188018066034
41.93071463116337
41.518213347334
41.1274226573904
40.83650069932127
41.24031774559633
41.28373893336784
41.092685707173196
41.170843845161905
40.285051614623065
40.47176272204057
40.79742163032691
41.10571206350465
41.34018647747081
41.08834358839604
40.35452551505748
39.88557668712516
40.16781440763999
40.34149915872603
40.77571103644116
40.71492137356104
40.80176374910407
40.606368404132255
40.49347331592632
40.65413171068092
40.567289335137886
40.51952602858922
40.50215755348062
40.45873636570912
40.45439424693197
40.47176272204057
40.74965832377824
40.88860612464708
41.05794875695599
41.06229087573313
40.90597459975569
40.34584127750318
40.363209752611795
40.25031466440585
40.410973059160455
40.30676220850883
40.358867633834635
40.34149915872603
40.34584127750318
40.089656269651265
39.80307643035929
39.87689244957085
39.976761181445326
40.15913017008568
40.15044593253138
40.211235595411495
40.18084076397144
40.28939373340022
40.61071052290941
40.628078998018005
40.77571103644116
40.966764262635806
40.85821129320702
40.78873739277261
40.76702679888685
41.06229087573313
41.60505572287702
41.16650172638476
41.77005623640878
41.59637148532273
41.5008448722254
41.35321283380226
41.461765803231046
42.0088727691521
42.247689301895406
42.55163761629599
42.590716685290346
42.60808516039896
42.58203244773604
42.49084795341587
42.24334718311825
42.17821540146098
42.29979472722122
42.4604531219758
42.82519109925652
42.82953321803367
42.794796267816466
43.20295543286868
43.4938773909378
43.10308670099419
42.890322880913786
44.84427633063182
44.983224131500656
44.01927376297309
44.09308978218467
44.614144035442806
44.91375023106624
44.89203963718049
45.00059260660927
45.42177812799293
45.43046236554723
45.63019982929618
46.368360021411895
46.194675270325845
45.78217398649648
45.77783186771932
45.89941119347956
45.947174500028225
46.05572746945699
46.41612332796055
46.524676297389334
46.26414917076026
45.882042718370954
46.23375433932021
46.50730782228072
46.65059774192672
42.82084898047936
39.89860304345662
38.6003095290884
37.93596535618427
37.918596881075665
37.071883719531186
36.82438294923357
36.65504031692467
36.55951370382735
36.47701344706147
36.416223784181355
36.381486833964146
36.342407764969785
36.31201293352972
36.29030233964397
36.26424962698106
36.24688115187245
36.23385479554101
36.220828439209555
36.203459964100944
36.1991178453238
36.19043360776949
36.17740725143804
36.16872301388374
36.160038776329436
36.155696657552284
36.15135453877513
36.14701241999798
36.13832818244368
36.13832818244368
36.13398606366653
36.142670301220825
36.142670301220825
36.129643944889374
36.129643944889374
36.12530182611223
36.12530182611223
36.11661758855792
36.112275469780776
36.107933351003624
36.10359123222647
36.099249113449325
36.094906994672165
36.086222757117866
36.086222757117866
36.08188063834071
36.08188063834071
36.08188063834071
36.07753851956356
