36.07753851956356
36.07753851956356
36.073196400786415
36.06451216323211
36.060170044454956
36.055827925677804
36.055827925677804
36.055827925677804
36.05148580690066
36.05148580690066
36.05148580690066
36.05148580690066
38.70886249851718
38.43096689677951
38.300703333464966
38.24425578936201
36.598592772821696
36.5464873474959
36.37280259640984
36.35109200252409
36.342407764969785
36.33372352741548
36.32938140863833
36.33372352741548
37.28464753961158
38.622020122974156
42.29111048966692
49.53810672873225
57.89234325597115
66.6677653045937
72.4948887035306
65.86013121204358
57.98786986906848
53.42430303428258
51.68311340464495
51.31403330858709
50.83205812432331
50.41087260293965
50.137319119979125
50.20245090163639
50.063503100767555
49.789949617807025
49.8898183496815
49.86810775579574
49.77258114269842
49.91152894356726
49.75955478636697
49.620606985498135
49.446922234412085
49.598896391612385
49.4642907095207
49.27757960210319
48.64797237941626
49.13428968245721
49.12994756368005
49.3036323147661
49.43389587808063
49.54244884750941
49.74652843003552
49.54679096628656
49.36876409642336
49.5250803724008
49.58587003528093
49.48165918462929
49.22113205800023
49.27757960210319
49.19507934533731
48.925867981153935
48.9996840003655
49.18205298900586
49.394816809086265
49.43389587808063
49.36007985886905
49.373106215200515
49.24718477066313
49.36007985886905
49.48600130340644
49.75521266758982
49.48165918462929
49.80297597413848
50.20245090163639
50.480346503374065
50.36310929639098
50.597583710357156
50.68442608590016
50.69745244223162
50.797321174106095
50.66271549201441
50.66271549201441
50.68008396712302
50.89718990598059
51.109953726060986
51.57890255399331
51.86982451206246
51.613639504210525
51.44429687190162
51.66140281075918
52.004430194154125
52.08258833214286
52.16074647013158
52.29535215222326
52.53851080374373
52.46035266575501
52.317062746109016
52.55587927885234
51.8654823932853
51.92627205616541
52.16074647013158
51.895877224725346
51.43995475312448
51.231533051821216
50.875479312094825
50.77126846144319
50.588899472802844
50.245872089407904
49.954950131338784
49.776923261475574
49.642317579383885
49.407843165417724
49.2688953645489
49.121263326125735
48.97363128770261
49.177710870228715
49.31665867109755
49.09521061346283
49.1690266326744
49.01705247547411
49.051789425691325
49.2688953645489
49.43823799685777
49.572843678949475
48.67402509207918
49.20376358289161
49.455606471966384
49.35573774009191
49.35139562131475
49.31665867109755
49.555475203840864
49.58587003528093
49.507711897292204
49.520738253623655
49.68139664837824
49.73784419248121
49.50336977851505
49.446922234412085
49.742186311258365
49.8550813994643
49.729159954926914
49.842055043132845
49.98100284400169
50.185082426527785
50.28495115840227
50.28495115840227
50.3978462466082
50.519425572368434
50.528109809922725
50.441267434379704
50.419556840493954
49.954950131338784
50.20245090163639
50.11560852609336
49.967976487670235
49.86810775579574
49.75521266758982
49.842055043132845
49.76389690514412
49.86810775579574
49.963634368893075
50.23284573307645
50.34574082128238
50.40218836538534
50.23718785185361
50.42824107804825
50.65837337323726
50.69311032345447
50.528109809922725
50.384819890276745
50.20245090163639
50.28929327717942
50.46732014704261
45.59546287907897
41.61373996043133
40.27636737706875
39.27768005832399
