1.414
2.414
4.414
6.414
8.414
10.414
12.414
14.414
16.414
18.414
20.414
22.414
24.414
26.414
28.414
30.414
32.414
34.414
36.414
38.414
40.414
42.414
44.414
46.414
48.414
50.414
52.414
54.414
56.414
58.414
60.414
62.414
64.414
66.414
68.414
70.414
72.414
74.414
76.414
78.414
80.414
82.414
84.414
86.414
88.414
90.414
92.414
94.414
96.414
98.414
100.414
102.414
104.414
106.414
108.414
110.414
112.414
114.414
116.414
118.414
120.414
122.414
124.414
126.414
128.414
130.414
132.414
134.414
136.414
138.414
140.414
142.414
144.414
146.414
148.414
150.414
152.414
154.414
156.414
158.414
160.414
162.414
164.414
166.414
168.414
170.414
172.414
174.414
176.414
178.414
180.414
182.414
184.414
186.414
188.414
190.414
192.414
194.414
196.414
198.414
200.414
202.414
204.414
206.414
208.414
210.414
212.414
214.414
216.414
218.414
220.414
222.414
224.414
226.414
228.414
230.414
232.414
234.414
236.414
238.414
240.414
242.414
244.414
246.414
248.414
250.414
252.414
254.414
256.414
258.414
260.414
262.414
264.414
266.414
268.414
270.414
272.414
274.414
276.414
278.414
280.414
282.414
284.414
286.414
288.414
290.414
292.414
294.414
296.414
298.414
300.414
302.414
304.414
306.414
308.414
310.414
312.414
314.414
316.414
318.414
320.414
322.414
324.414
326.414
328.414
330.414
332.414
334.414
336.414
338.414
340.414
342.414
344.414
346.414
348.414
350.414
352.414
354.414
356.414
358.414
360.414
362.414
364.414
366.414
