1.435
2.435
4.435
6.435
8.435
10.435
12.435
14.435
16.435
18.435
20.435
22.435
24.435
26.435
28.435
30.435
32.435
34.435
36.435
38.435
40.435
42.435
44.435
46.435
48.435
50.435
52.435
54.435
56.435
58.435
60.435
62.435
64.435
66.435
68.435
70.435
72.435
74.435
76.435
78.435
80.435
82.435
84.435
86.435
88.435
90.435
92.435
94.435
96.435
98.435
100.435
102.435
104.435
106.435
108.435
110.435
112.435
114.435
116.435
118.435
120.435
122.435
124.435
126.435
128.435
130.435
132.435
134.435
136.435
138.435
140.435
142.435
144.435
146.435
148.435
150.435
152.435
154.435
156.435
158.435
160.435
162.435
164.435
166.435
168.435
170.435
172.435
174.435
176.435
178.435
180.435
182.435
184.435
186.435
188.435
190.435
192.435
194.435
196.435
198.435
200.435
202.435
204.435
206.435
208.435
210.435
212.435
214.435
216.435
218.435
220.435
222.435
224.435
226.435
228.435
230.435
232.435
234.435
236.435
238.435
240.435
242.435
244.435
246.435
248.435
250.435
252.435
254.435
256.435
258.435
260.435
262.435
264.435
266.435
268.435
270.435
272.435
274.435
276.435
278.435
280.435
282.435
284.435
286.435
288.435
290.435
292.435
294.435
296.435
298.435
300.435
302.435
304.435
306.435
308.435
310.435
312.435
314.435
316.435
318.435
320.435
322.435
324.435
326.435
328.435
330.435
332.435
334.435
336.435
338.435
340.435
342.435
344.435
346.435
348.435
350.435
352.435
354.435
356.435
358.435
360.435
362.435
364.435
366.435
368.435
370.435
372.435
374.435
376.435
378.435
380.435
382.435
384.435
386.435
388.435
390.435
392.435
394.435
396.435
