17.263137858167443
17.263137858167443
17.25445362061314
17.241427264281686
17.228400907950235
17.215374551618783
17.206690314064478
17.198006076510175
17.18932183895587
17.18063760140157
17.171953363847273
17.163269126292967
17.154584888738665
17.141558532407213
17.13721641363006
17.124190057298605
17.10682158219
17.119847938521453
17.119847938521453
17.119847938521453
17.111163700967154
17.063400394418487
17.050374038087035
17.041689800532733
17.059058275641338
18.114193138489078
22.321706233548582
35.40885222788228
41.657161148202846
47.44086335936824
51.3487702588043
55.365230127669165
60.358666721393035
65.23486610813382
70.61475127302414
76.13358423878331
82.7813680866018
88.1352005388292
81.8825494997315
68.73461384251769
61.60051269165827
56.29444354597951
52.84680123692148
51.2792963583699
50.119950644870514
50.01139767544173
49.63797546060675
48.956262812594005
47.86204888075189
46.83730884934422
46.98494088776736
47.66231141700295
47.38441581526526
47.05441478820177
46.23375433932021
45.51730474109026
45.478225672095896
44.64019674810571
43.18124483898291
42.73400660493635
42.82084898047936
42.7557171988221
41.96110946260343
42.08703090714081
41.72663504863727
41.257686220704926
40.65413171068092
40.32847280239458
40.102682625982716
40.01149813166254
39.99412965655393
40.45873636570912
40.48044695959487
39.81610278669074
38.54386198498543
38.365835115122245
38.5916252915341
40.64978959190377
41.81781954295744
41.29242317092214
40.90597459975569
41.075317232064585
42.14347845124378
42.6037430416218
44.47953835335112
45.09177710092943
45.18730371402676
45.59112076030182
44.55769649133984
44.24072182060781
43.928089268652926
42.516900666078776
41.878609205837556
43.09874458221704
43.95414198131583
42.751375080044944
41.361897071356566
40.91900095608714
39.79873431158213
40.87123764953847
41.87426708706041
42.29545260844407
42.68190117961053
44.16256368261908
43.42440349050339
41.62676631676278
40.211235595411495
40.05926143821121
39.963734825113875
39.74662888625632
39.47741752207295
39.40360150286137
38.29636121468782
38.752283686288706
39.77702371769638
41.48347639711678
43.5112458660464
43.77177299267548
42.4604531219758
41.26637045825924
40.11570898231417
39.53820718495306
39.14741649500945
38.695836142185726
39.48610175962725
39.59031261027887
39.72057617359341
38.20951883914479
38.252940026916306
39.546891422507365
39.69886557970766
40.69321077967528
40.25465678318301
39.69018134215335
40.41965729671475
40.88426400586992
40.21991983296579
39.91597151856521
39.89426092467946
38.47438808455102
37.64504339811514
37.92728111862997
38.47873020332817
38.23991367058485
38.6003095290884
39.347153958758405
39.07360047579788
39.04320564435783
39.00846869414062
40.08531415087411
38.166097651373285
37.17609457018282
35.578194860191175
35.11793026981315
35.69108994839711
34.58819177900071
34.36240160258884
34.73582381742384
34.457928215686174
33.62424141047314
34.74450805497815
35.096219675927394
34.66634991698942
34.957271875058545
34.73582381742384
34.453586096909014
34.97464035016716
35.43490494054519
35.08319331959594
34.87911373706983
34.99200882527576
35.37411527766507
35.35674680255646
33.98897938775384
34.0367426943025
33.66766259824465
33.55042539126157
33.876084299547905
33.55042539126157
34.22779592049716
33.038055375557725
28.17054022637124
24.09763281340342
22.573549122623355
22.009073681593698
21.29262408336375
20.424200327933512
20.26788405195607
20.2027522702988
20.17235743885874
20.146304726195837
20.13762048864153
20.13762048864153
20.146304726195837
20.154988963750135
20.176699557635896
20.18538379519019
20.19841015152165
20.215778626630257
